6 8
8 7 4 7 9 9 7 7 7 9 2 4 5 6 8 6 7 4 6 6
3 1 5 8 5 4 8 5 9 8 7 5 6 9 8 2 6 6 3 0
7 2 9 9 3 9 4 2 4 8 3 3 8 1 9 0 6 9 4 9
2 0 0 6 4 0 6 3 4 6 6 2 9 9 1 3 9 2 7 1
6 5 5 3 3 4 8 5 5 2 6 2 9 9 1 3 9 2 7 1
4 9 9 0 3 1 2 6 2 6 6 2 9 9 1 3 9 2 7 1
9 1 5 8 3 9 4 3 0 5 0 1 0 7 8 6 2 1 6 6
9 6 0 0 7 8 7 2 4 9 9 2 8 6 5 1 5 7 2 7
7 7 9 8 2 8 0 8 0 3 0 4 7 0 2 9 0 2 5 7
7 3 6 9 9 9 0 5 3 8 2 7 9 5 6 7 7 1 2 6
9 2 1 9 6 1 1 8 7 8 6 1 3 8 5 2 7 2 0 6
7 5 6 3 9 3 2 8 1 6 2 5 9 1 4 8 1 3 2 9
7 5 6 3 9 3 2 8 1 6 2 5 9 1 4 8 1 3 2 9
7 5 6 3 9 3 2 8 1 6 2 5 9 1 4 8 1 3 2 9
7 5 6 3 9 3 2 8 1 6 2 5 9 1 4 8 1 3 2 9
7 5 6 3 9 3 2 8 1 6 2 5 9 1 4 8 1 3 2 9
7 5 6 3 9 3 2 8 1 6 2 5 9 1 4 8 1 3 2 9
7 5 6 3 9 3 2 8 1 6 2 5 9 1 4 8 1 3 2 9
7 5 6 3 9 3 2 8 1 6 2 5 9 1 4 8 1 3 2 9
7 5 6 3 9 3 2 8 1 6 2 5 9 1 4 8 1 3 2 9